D:\SF\2018-01-26_10-44-55-445.mp4
10.000000
1920
1080
1


2


3


4


5


6


7


8


9


10


11


12


13


14


15


16


17


18


19


20


21


22


23


24


25


26


27


28


29


30


31


32


33


34


35


36


37


38


39


40


41


42


43


44


45


46


47


48


49


50


51


52


53


54


55


56


57


58


59


60


61


62


63


64


65


66


67


68


69


70


71


72


73


74


75


76


77


78


79


80


81


82


83


84


85


86


87


88


89


90


91


92


93


94


95


96


97


98


99


100


101


102


103


104


105


106


107


108


109


110


111


112


113


114


115


116


117


118


119


120


121


122


123


124


125


126


127


128


129


130


131


132


133


134


135


136


137


138


139


140


141


142


143


144


145


146


147


148


149


150


151


152


153


154


155


156


157


158


159


160


161


162


163


164


165


166


167


168


169


170


171


172


173


174


175


176


177


178


179


180


181


182


183


184


185


186


187


188


189


190


191


192


193


194


195


196


197


198


199


200


201


202


203


204


205


206


207


208


209


210


211


212


213


214


215


216


217


218


219


220


221


222


223


224


225


226


227


228


229


230


231


232


233


234


235


236


237


238


239


240


241


242


243


244


245


246


247


248


249


250


251


252


253


254


255


256


257


258


259


260


261


262


263


264


265


266


267


268


269


270


271


272


273


274


275


276


277


278


279


280


281


282


283


284


285


286


287


288


289


290


291


292


293


294


295


296


297


298


299


300


301


302


303


304


305


306


307


308


309


310


311


312


313


314


315


316


317


318


319


320


321


322


323


324


325


326


327


328


329


330


331


332


333


334


335


336


337


338


339


340


341


342


343


344


345


346


347


348


349


350


351


352


353


354


355


356


357


358


359


360


361


362
0,139,366,66,94;

363


364


365


366


367


368


369


370


371


372


373


374


375


376


377


378


379


380


381


382


383


384


385


386


387


388


389


390


391


392


393


394


395


396


397


398


399


400


401


402


403


404


405


406


407


408


409


410


411


412


413


414


415


416


417


418


419


420


421


422


423


424


425


426


427


428


429


430


431


432


433


434


435


436


437


438


439


440


441


442


443


444


445


446


447


448


449


450


451


452


453


454


455


456


457


458


459


460


461


462


463


464


465


466


467


468


469


470


471


472


473
0,62,449,36,37;

474
0,8,446,35,41;

475


476


477


478


479


480


481


482


483


484


485


486
0,0,524,33,34;0,30,780,77,85;

487


488


489


490


491


492


493


494


495


496


497


498


499


500


501


502


503


504


505


506


507


508


509


510


511


512


513


514


515


516


517


518


519


520


521


522


523


524


525


526


527


528


529


530


531


532


533


534


535


536


537


538


539


540


541


542


543


544


545


546


547


548


549


550


551


552


553


554


555


556
0,1851,686,68,61;

557


558


559


560


561


562


563


564


565


566


567


568


569


570


571


572


573


574


575


576


577


578


579


580


581


582


583


584


585


586


587


588


589


590


591


592


593


594


595


596


597


598


599


600


601


602


603


604


605


606


607


608


609


610


611


612


613


614


615


616


617


618


619


620


621


622


623


624


625


626


627


628


629


630


631


632


633


634


635


636


637


638


639


640


641


642


643


644


645


646


647


648


649


650


651


652


653


654


655


656


657


658


659


660


661


662


663


664


665


666


667


668


669


670


671


672


673


674


675


676


677


678


679


680


681


682


683


684


685


686


687
0,743,407,37,31;

688


689


690


691


692


693


694
0,358,367,41,35;

695
0,665,361,38,34;

696
0,428,351,42,43;0,662,349,40,39;

697
0,412,342,43,47;0,534,341,41,47;0,656,340,39,40;

698
0,262,346,38,37;0,515,329,42,48;0,646,327,44,47;

699
0,244,334,47,44;0,516,325,43,49;0,617,327,42,45;

700
0,216,327,46,47;0,353,326,42,44;

701
0,455,307,47,48;0,610,306,47,45;0,202,320,45,55;0,330,322,46,48;

702
0,163,311,44,36;0,307,303,53,37;0,446,300,54,44;0,601,295,53,50;

703
0,146,308,50,36;0,563,289,50,52;

704
0,105,294,50,44;0,253,287,49,45;0,400,281,55,44;0,555,276,51,52;0,758,342,40,37;

705
0,62,284,48,44;0,220,280,62,42;0,398,270,59,49;0,544,266,55,56;

706
0,514,246,59,58;0,39,272,53,44;0,199,267,59,48;0,357,266,52,49;

707
0,149,251,56,48;0,330,247,62,51;0,503,240,58,58;0,1,263,44,55;

708
0,131,229,58,53;0,294,215,68,58;0,491,213,62,55;0,703,295,54,43;

709
0,92,207,64,59;0,251,207,62,58;0,456,205,58,59;0,700,284,49,44;

710
0,47,186,60,58;0,240,182,68,53;0,440,184,70,57;0,665,268,54,52;

711
0,0,160,59,65;0,195,157,70,62;0,395,155,72,59;0,660,245,55,50;

712
0,145,149,77,60;0,647,234,58,53;

713
0,86,109,79,76;0,338,102,76,66;0,608,204,63,58;

714
0,48,89,76,74;0,289,85,85,74;0,597,188,62,54;

715
0,0,61,81,78;0,242,57,88,73;0,565,158,67,61;

716
0,191,27,94,75;0,541,127,76,69;

717
0,497,87,78,78;

718
0,478,53,73,79;

719
0,427,5,87,89;

720
0,388,3,84,58;

721


722


723


724


725


726


727


728


729


730


731


732


733


734


735


736


737


738


739


740


741


742


743


744


745


746


747


748


749


750


751


752


753


754


755


756


757


758


759


760


761


762


763


764


765


766


767


768


769


770


771


772


773


774


775


776


777


778


779


780


781


782


783


784


785


786


787


788


789


790


791


792


793


794


795


796


797


798


799


800


801


802


803


804


805


806


807


808


809


810


811


812


813


814


815


816


817


818


819


820


821


822


823


824


825


826


827


828


829


830


831


832


833


834


835


836


837


838


839


840


841


842


843


844


845


846


847


848


849


850


851


852


853


854


855


856


857


858


859


860


861


862


863


864


865


866


867


868


869


870


871


872


873


874


875


876


877


878


879


880


881


882


883


884


885


886


887


888


889


890


891


892


893


894


895


896


897


898


899


900


901


902


903


904


905


906


907


908


909


910


911


912


913


914


915


916


917


918


919


920


921


922


923


924


925


926


927


928


929


930


931


932


933


934


935


936


937


938


939


940


941


942


943


944


945


946


947


948


949


950


951


952


953


954


955


956


957
0,1178,450,30,35;

958
0,1179,446,33,37;0,1266,515,32,38;

959
0,1271,509,33,37;

960
0,1216,427,33,37;0,1273,507,35,37;

961
0,1215,424,33,35;0,1320,502,32,43;

962
0,1218,417,34,36;0,1321,499,34,43;

963
0,1217,400,40,38;0,1320,472,32,48;

964
0,1221,405,39,42;0,1326,475,39,49;

965
0,1228,404,40,49;0,1349,492,41,56;

966
0,1241,392,39,47;0,1358,470,44,53;

967
0,1255,379,36,46;0,1367,463,48,58;

968
0,1258,368,42,47;0,1413,465,39,51;

969
0,1262,354,42,50;0,1415,451,43,60;

970
0,1264,339,44,57;0,1301,339,45,56;0,1428,438,46,64;

971
0,1268,328,48,59;0,1308,327,48,59;0,1458,436,51,62;

972
0,1311,319,66,63;0,1467,436,60,66;

973
0,1271,297,57,67;0,1328,300,57,69;0,1511,430,58,65;

974
0,1339,282,68,76;0,1558,409,57,69;

975
0,1324,256,77,78;0,1398,261,70,77;0,1600,404,68,71;

976
0,1346,230,77,84;0,1425,229,76,89;0,1637,393,69,70;

977
0,1362,200,81,83;0,1428,197,80,84;0,1694,372,75,74;

978
0,1408,158,85,103;0,1492,159,88,101;0,1759,347,71,77;

979
0,1440,107,98,106;0,1541,99,88,121;0,1825,316,74,75;

980
0,1500,39,99,132;0,1598,39,113,122;

981
0,1536,0,114,96;0,1693,5,114,79;

982


983


984


985
0,8,473,33,33;

986


987


988


989


990


991


992


993


994


995


996


997


998


999


1000


1001


1002


1003


1004


1005


1006


1007


1008


1009


1010


1011


1012


1013


1014


1015


1016


1017


1018


1019


1020


1021


1022


1023


1024


1025


1026


1027


1028


1029


1030


1031


1032


1033


1034


1035


1036


1037


1038


1039


1040


1041


1042


1043


1044


1045


1046


1047


1048


1049


1050


1051


1052


1053


1054


1055


1056


1057


1058


1059


1060


1061


1062


1063


1064


1065


1066


1067


1068


1069


1070


1071


1072


1073


1074


1075


1076


1077


1078


1079


1080


1081


1082


1083


1084


1085


1086


1087


1088


1089


1090


1091


1092


1093


1094


1095


1096


1097
0,872,364,41,41;

1098
0,870,350,48,44;

1099
0,859,329,52,48;

1100
0,850,307,53,52;

1101
0,839,292,58,51;

1102
0,818,262,61,54;

1103
0,803,217,65,62;

1104
0,789,188,72,64;

1105
0,764,155,72,68;

1106
0,753,124,80,72;

1107
0,718,78,94,83;

1108
0,673,3,115,83;

1109


1110


1111


1112


1113


1114


1115


1116


1117


1118


1119


1120


1121


1122


1123


1124


1125


1126


1127


1128


1129


1130


1131


1132


1133


1134


1135


1136


1137


1138


1139


1140


1141


1142


1143


1144


1145


1146
0,977,452,33,35;

1147
0,978,446,35,35;

1148


1149
0,980,446,29,36;0,1011,449,32,34;0,941,559,62,49;

1150
0,972,443,40,38;

1151
0,965,440,42,40;0,1010,440,36,45;

1152
0,965,427,38,43;0,1005,427,40,43;

1153
0,964,429,37,41;0,1007,427,41,44;

1154
0,963,421,37,42;0,1001,418,42,42;

1155
0,966,407,36,47;0,1000,408,37,47;

1156
0,959,385,38,51;

1157
0,956,379,40,52;

1158
0,948,363,41,50;0,919,521,67,50;

1159
0,954,329,40,58;0,998,338,41,53;

1160
0,946,316,45,60;0,1000,322,45,61;

1161
0,943,317,49,55;0,918,511,57,54;

1162
0,943,292,51,62;

1163
0,932,268,58,62;0,997,268,52,70;0,1160,395,40,56;

1164
0,925,258,62,66;0,996,257,60,69;0,1167,386,46,66;

1165
0,920,234,65,69;0,996,229,61,71;0,1170,379,46,63;

1166
0,914,203,71,75;0,994,203,71,79;

1167
0,914,179,69,84;0,997,174,63,86;0,1208,344,56,62;

1168
0,908,155,77,93;0,985,154,80,89;0,1224,335,57,75;0,929,509,60,40;

1169
0,899,124,89,107;0,990,123,84,112;0,1245,312,62,86;0,925,507,70,49;

1170
0,886,78,96,110;0,982,74,93,113;0,1268,289,60,78;0,933,509,60,41;

1171
0,889,32,108,138;0,979,32,117,116;0,1302,273,71,84;0,941,512,57,49;

1172
0,989,0,100,101;0,877,0,121,141;0,1310,251,72,93;0,928,509,65,46;

1173
0,1357,220,81,96;0,937,516,59,47;

1174
0,1402,169,96,88;0,933,511,61,43;

1175
0,1478,90,101,108;

1176


1177


1178


1179


1180
0,934,507,72,48;

1181


1182


1183


1184


1185
0,938,517,63,43;

1186


1187


1188
0,940,515,71,48;

1189


1190


1191
0,939,511,73,52;

1192


1193


1194


1195


1196


1197


1198


1199


1200


1201


1202
0,1007,517,72,50;

1203
0,1009,517,74,51;

1204


1205


1206


1207


1208


1209


1210


1211


1212


1213


1214


1215


1216


1217


1218


1219


1220


1221


1222


1223


1224


1225


1226


1227


1228


1229


1230


1231


1232


1233


1234


1235


1236


1237


1238


1239


1240


1241


1242


1243


1244


1245


1246


1247


1248


1249


1250


1251


1252


1253


1254


1255


1256


1257


1258


1259


1260


1261


1262


1263


1264


1265


1266


1267


1268


1269
0,998,496,90,65;

1270
0,1000,498,93,66;

1271


1272


1273


1274
0,1022,492,92,79;

1275


1276
0,1028,493,78,77;

1277


1278


1279


1280


1281


1282


1283


1284


1285


1286


1287


1288


1289


1290


1291


1292


1293


1294


1295


1296


1297


1298


1299


1300


1301


1302


1303


1304


1305


1306


1307


1308


1309


1310


1311


1312


1313


1314


1315


1316


1317


1318


1319


1320


1321


1322


1323


1324


1325


1326


1327


1328


1329


1330


1331


1332


1333


1334


1335


1336


1337


1338


1339


1340


1341


1342


1343


1344


1345


1346


1347


1348


1349


1350


1351


1352


1353


1354


1355


1356


1357


1358


1359


1360


1361


1362


1363


1364


1365


1366


1367


1368


1369


1370


1371


1372


1373


1374


1375


1376


1377


1378


1379


1380


1381


1382


1383


1384


1385


1386


1387


1388


1389


1390


1391


1392


1393


1394


1395


1396


1397


1398


1399


1400


1401


1402


1403


1404


1405


1406


1407


1408


1409


1410


1411


1412


1413


1414


1415


1416


1417


1418
0,924,501,64,65;

1419
0,922,498,68,67;

1420


1421


1422


1423


1424


1425


1426


1427


1428
0,922,499,74,64;

1429


1430


1431
0,920,499,72,63;

1432
0,920,500,75,61;

1433


1434


1435


1436


1437


1438


1439
0,911,496,82,68;

1440
0,912,496,86,65;

1441


1442


1443


1444


1445


1446


1447
0,910,490,90,77;

1448


1449


1450


1451


1452


1453


1454


1455


1456


1457


1458


1459


1460


1461


1462


1463


1464


1465


1466


1467


1468


1469


1470


1471


1472


1473


1474


1475


1476


1477


1478


1479


1480


1481


1482


1483


1484


1485


1486


1487


1488


1489


1490


1491


1492


1493


1494


1495


1496


1497


1498


1499


1500


1501


1502


1503


1504


1505


1506


1507


1508


1509


1510


1511


1512


1513


1514


1515


1516


1517


1518


1519


1520


1521


1522


1523


1524


1525


1526


1527


1528


1529


1530


1531


1532


1533


1534


1535


1536


1537


1538


1539


1540


1541


1542


1543


1544


1545


1546


1547


1548


1549


1550


1551


1552


1553


1554


1555
0,1023,497,65,67;

1556


1557


1558


1559


1560


1561


1562


1563


1564


1565


1566


1567


1568


1569


1570


1571


1572


1573


1574


1575


1576


1577


1578


1579


1580


1581


1582


1583


1584


1585


1586


1587


1588


1589


1590


1591


1592


1593


1594


1595


1596


1597


1598


1599


1600


1601


1602


1603


1604


1605


1606


1607


1608


1609


1610


1611


1612


1613


1614


1615


1616


1617


1618


1619


1620


1621


1622


1623


1624


1625


1626


1627


1628


1629


1630


1631


1632


1633


1634


1635


1636


1637


1638


1639


1640


1641


1642


1643


1644


1645


1646


1647


1648


1649


1650


1651


1652


1653


1654


1655


1656


1657


1658


1659


1660


1661


1662


1663


1664


1665


1666


1667


1668


1669


1670


1671


1672


1673


1674


1675


1676


1677


1678


1679


1680


1681


1682


1683


1684


1685


1686


1687


1688


1689


1690


1691


1692


1693


1694


1695


1696


1697


1698


1699


1700


1701


1702


1703
0,928,457,72,75;

1704


1705


1706


1707


1708


1709


1710


1711


1712


1713


1714


1715


1716


1717


1718


1719


1720


1721


1722


1723


1724


1725


1726


1727


1728


1729


1730


1731


1732


1733


1734


1735


1736


1737


1738


1739


1740
0,940,506,63,55;

1741
0,940,508,60,50;

1742


1743


1744
0,938,520,57,46;

1745


1746


1747


1748


1749


1750


1751


1752


1753


1754


1755


1756


1757


1758


1759


1760


1761


1762


1763


1764


1765


1766


1767


1768


1769


1770


1771


1772


1773


1774


1775


1776


1777


1778


1779


1780


1781


1782


1783


1784


1785


1786


1787


1788


1789


1790


1791


1792


1793


1794


1795


1796


1797


1798


1799


1800


1801


1802


1803


1804


1805


1806


1807


1808
0,612,306,55,45;

1809


1810
0,557,269,52,66;

1811
0,523,243,63,57;

1812
0,485,214,76,64;

1813
0,429,170,76,74;

1814
0,377,118,93,80;

1815
0,294,86,98,80;

1816
0,217,32,99,76;

1817


1818


1819


1820


1821


1822


1823


1824


1825


1826


1827


1828


1829


1830


1831


1832


1833


1834


1835


1836


1837


1838


1839


1840


1841


1842


1843


1844


1845


1846


1847


1848


1849


1850


1851


1852


1853


1854


1855


1856


1857


1858


1859


1860


1861


1862


1863


1864


1865


1866


1867


1868


1869


1870


1871
0,1170,452,37,32;

1872
0,1171,448,37,34;

1873


1874


1875
0,1201,428,41,32;

1876
0,1204,418,44,35;

1877
0,1205,415,45,38;

1878
0,1208,397,49,41;

1879
0,1222,384,56,46;

1880
0,1239,376,53,53;

1881
0,1259,362,60,48;

1882
0,1267,349,66,56;

1883
0,765,362,38,34;0,1272,331,67,56;

1884
0,1293,320,74,64;

1885
0,1306,290,79,65;

1886
0,1336,256,85,68;

1887
0,1347,258,85,67;

1888
0,1386,219,95,85;

1889
0,1430,174,109,92;0,672,294,40,41;

1890
0,1466,110,126,104;0,656,266,47,46;

1891
0,1543,47,121,122;0,626,244,48,46;

1892
0,1610,11,152,121;0,602,233,53,50;

1893
0,589,208,54,53;

1894
0,560,164,59,55;

1895
0,502,134,75,58;

1896
0,478,95,70,65;

1897
0,445,66,73,65;

1898
0,372,14,92,64;

1899


1900


1901


1902


1903


1904


1905


1906


1907


1908


1909


1910


1911


1912


1913


1914


1915


1916


1917


1918


1919


1920


1921


1922


1923


1924


1925


1926


1927


1928


1929


1930


1931


1932


1933


1934


1935


1936


1937


1938


1939


1940


1941


1942


1943


1944


1945


1946


1947


1948


1949


1950


1951


1952


1953


1954
0,1223,399,38,28;

1955
0,1256,396,41,31;

1956
0,1269,398,36,31;

1957
0,1270,392,41,31;

1958
0,1272,397,40,35;

1959
0,1277,387,40,40;

1960
0,1307,367,48,39;

1961
0,1304,357,46,38;

1962
0,1306,340,52,40;

1963
0,1312,342,45,39;

1964
0,1321,329,48,45;

1965
0,1337,325,49,46;

1966
0,1356,312,49,48;

1967
0,1371,309,51,46;

1968
0,1378,299,54,50;

1969
0,1395,279,57,49;

1970
0,1405,265,61,54;

1971
0,1419,250,63,57;

1972
0,1450,244,68,56;

1973
0,1469,225,65,61;

1974
0,1490,203,76,66;

1975
0,1501,184,80,66;

1976
0,1531,177,85,71;

1977
0,1561,146,84,76;

1978
0,1583,108,103,83;

1979
0,1610,80,98,83;

1980
0,1664,60,89,88;

1981
0,1693,30,98,93;

1982
0,1738,0,114,107;

1983
0,1800,0,85,68;

1984


1985


1986


1987


1988


1989


1990


1991


1992


1993


1994


1995


1996


1997


1998


1999


2000


2001


2002


2003


2004


2005


2006


2007


2008


2009


2010


2011


2012


2013


2014


2015


2016


2017


2018


2019


2020


2021


2022


2023


2024


2025


2026


2027


2028


2029


2030


2031


2032


2033


2034


2035


2036


2037


2038


2039


2040


2041


2042


2043


2044


2045


2046


2047


2048


2049


2050


2051


2052


2053


2054


2055


2056


2057


2058


2059


2060


2061


2062


2063


2064


2065


2066


2067


2068


2069


2070


2071


2072


2073


2074


2075


2076


2077


2078


2079


2080


2081


2082


2083


2084


2085


2086


2087


2088


2089


2090


2091
0,907,520,35,37;

2092
0,911,484,32,38;0,904,517,31,37;

2093
0,875,482,32,36;0,885,518,32,37;

2094
0,875,481,31,36;

2095
0,860,479,38,38;0,866,514,35,42;

2096
0,835,480,44,41;0,839,517,44,44;

2097
0,808,474,43,44;0,813,513,42,47;

2098
0,798,467,48,48;0,802,507,46,48;

2099
0,769,461,49,53;0,772,504,50,55;

2100
0,761,501,54,57;

2101
0,723,456,55,53;0,718,501,62,57;

2102
0,694,449,62,58;0,698,498,65,61;

2103
0,668,443,60,67;0,663,497,63,66;

2104
0,637,493,73,69;

2105
0,599,409,75,65;0,599,488,81,70;

2106
0,556,405,75,67;0,551,486,76,71;

2107
0,524,392,75,71;0,526,451,75,91;

2108
0,449,372,85,81;0,441,450,90,99;

2109
0,417,359,93,92;0,414,444,92,113;

2110
0,342,339,102,100;0,338,434,105,118;

2111
0,254,302,130,110;0,263,414,111,124;

2112
0,145,259,154,133;0,156,386,139,129;

2113
0,26,208,122,136;0,11,340,162,186;

2114


2115


2116


2117


2118


2119


2120


2121


2122


2123


2124


2125


2126


2127


2128


2129


2130


2131


2132


2133


2134


2135


2136


2137


2138


2139


2140


2141


2142


2143


2144


2145


2146


2147


2148


2149


2150


2151


2152


2153


2154


2155


2156


2157


2158


2159


2160


2161


2162


2163


2164


2165


2166


2167


2168


2169


2170


2171


2172


2173


2174


2175


2176


2177


2178


2179


2180


2181


2182


2183


2184


2185


2186


2187


2188


2189


2190


2191


2192


2193


2194


2195


2196


2197


2198


2199


2200


2201


2202


2203


2204


2205


2206


2207


2208


2209


2210


2211


2212


2213


2214


2215


2216


2217


2218


2219


2220


2221


2222
0,1174,544,34,31;

2223


2224


2225
0,1211,538,39,38;

2226
0,1242,559,35,32;

2227
0,1271,561,36,35;

2228
0,1282,529,40,43;

2229
0,1312,524,42,45;

2230
0,1352,521,40,50;

2231
0,1381,515,41,54;

2232
0,1409,510,45,54;

2233
0,1455,476,44,52;

2234
0,1475,469,53,56;

2235
0,1529,465,50,58;

2236
0,1571,455,60,70;

2237
0,1637,493,61,71;

2238
0,1722,492,77,76;

2239
0,1760,407,81,74;0,1765,484,71,95;

2240


2241


2242


2243


2244


2245


2246


2247


2248


2249


2250


2251


2252


2253


2254


2255


2256


2257


2258


2259


2260


2261


2262


2263


2264


2265


2266


2267


2268


2269


2270


2271


2272


2273


2274


2275


2276


2277


2278


2279


2280


2281


2282


2283


2284


2285


2286


2287


2288


2289


2290


2291


2292


2293


2294


2295


2296


2297


2298


2299


2300


2301


2302


2303


2304


2305


2306


2307


2308


2309


2310


2311


2312


2313


2314


2315


2316


2317


2318


2319


2320


2321


2322


2323


2324


2325


2326


2327


2328


2329


2330


2331


2332


2333


2334


2335


2336


2337


2338


2339


2340


2341


2342


2343


2344


2345


2346


2347


2348


2349


2350


2351


2352


2353


2354


2355


2356


2357


2358


2359


2360


2361


2362


2363


2364


2365


2366


2367


2368


2369


2370


2371


2372


2373


2374


2375


2376


2377


2378


2379


2380


2381


2382


2383


2384


2385


2386


2387


2388


2389


2390


2391


2392


2393


2394


2395


2396


2397


2398


2399


2400


2401


2402


2403


2404


2405


2406


2407


2408


2409


2410


2411


2412


2413


2414


2415


2416


2417


2418


2419


2420


2421


2422


2423


2424


2425


2426


2427


2428


2429


2430


2431


2432


2433


2434


2435


2436


2437


2438


2439


2440


2441


2442


2443


2444


2445


2446


2447


2448


2449


2450


2451


2452


2453


2454


2455


2456


2457


2458


2459


2460


2461


2462


2463


2464


2465


2466


2467


2468


2469


2470


2471


2472


2473


2474


2475


2476


2477


2478


2479


2480


2481


2482


2483


2484


2485


2486


2487


2488


2489


2490


2491


2492


2493


2494


2495


2496


2497


2498


2499


2500


2501


2502


2503


2504


2505


2506


2507


2508


2509


2510


2511


2512


2513


2514
0,1109,518,78,52;

2515


2516


2517


2518


2519


2520


2521


2522


2523


2524


2525


2526


2527


2528


2529


2530


2531


2532


2533


2534


2535


2536


2537


2538


2539


2540


2541


2542


2543


2544


2545
0,1557,411,31,35;

2546


2547


2548


2549


2550


2551


2552


2553


2554
0,1576,404,42,42;

2555
0,1578,401,42,40;

2556
0,1576,399,42,42;0,1616,395,40,44;

2557
0,1575,395,44,43;0,1616,395,39,43;

2558


2559


2560
0,1113,671,76,69;

2561


2562
0,1624,382,38,49;0,1118,675,78,73;

2563
0,1624,384,37,48;0,1120,680,83,69;

2564


2565
0,1630,382,33,48;0,1124,684,93,74;

2566


2567


2568


2569


2570


2571


2572
0,1205,714,76,93;

2573
0,1203,713,80,93;

2574
0,1201,714,85,93;

2575
0,1201,713,87,96;

2576


2577


2578


2579


2580
0,1201,713,85,97;

2581
0,1201,713,82,98;

2582


2583


2584
0,1201,715,85,97;

2585
0,1201,714,84,97;

2586


2587


2588


2589


2590


2591


2592


2593


2594


2595


2596


2597


2598


2599


2600


2601


2602


2603


2604


2605


2606


2607


2608


2609


2610


2611


2612


2613


2614
0,1200,714,86,96;

2615


2616


2617


2618


2619


2620


2621


2622


2623


2624


2625


2626


2627


2628


2629


2630


2631


2632


2633


2634


2635


2636


2637


2638


2639


2640


2641


2642


2643
0,1200,712,85,98;

2644


2645


2646
0,1200,713,84,97;

2647


2648


2649


2650


2651


2652
0,1201,715,83,96;

2653


2654


2655
0,1202,714,83,97;

2656


2657


2658


2659


2660


2661
0,1200,714,84,96;

2662


2663


2664


2665
0,1201,713,84,98;

2666


2667
0,1201,713,83,98;

2668


2669


2670
0,1202,714,83,96;

2671
0,1200,713,85,98;

2672


2673


2674
0,1201,713,83,98;

2675


2676


2677


2678


2679


2680


2681
0,1201,713,85,97;

2682


2683


2684
0,1201,713,85,98;

2685


2686


2687


2688


2689
0,1202,714,83,97;

2690
0,1201,713,84,99;

2691


2692


2693
0,1200,714,86,97;

2694
0,1202,713,84,97;

2695


2696


2697
0,1201,713,85,98;

2698


2699


2700
0,1201,714,84,97;

2701


2702
0,1200,714,86,97;

2703


2704


2705


2706
0,1201,713,84,99;

2707


2708


2709


2710


2711


2712
0,1200,713,84,99;

2713
0,1202,713,85,96;

2714


2715
0,1201,713,84,98;

2716


2717


2718
0,1201,713,84,98;

2719
0,1201,712,86,99;

2720


2721
0,1202,713,83,98;

2722


2723


2724


2725


2726


2727


2728


2729


2730


2731


2732


2733


2734
0,1201,714,84,96;

2735
0,1203,713,84,97;

2736


2737
0,1201,712,84,100;

2738
0,1203,713,84,98;

2739


2740
0,1201,712,84,99;

2741
0,1201,714,85,96;

2742


2743


2744
0,1201,713,86,98;

2745


2746
0,1202,713,83,97;

2747
0,1201,714,85,96;

2748


2749


2750
0,1201,713,85,98;

2751


2752


2753
0,1200,713,85,97;

2754
0,1201,713,85,97;

2755


2756
0,1202,712,83,99;

2757
0,1200,713,86,97;

2758


2759
0,1202,712,83,100;

2760
0,1200,713,86,99;

2761


2762


2763
0,1200,713,86,97;

2764


2765


2766


2767


2768


2769
0,1202,713,84,98;

2770
0,1201,713,87,96;

2771


2772
0,1200,713,87,98;

2773
0,1201,713,86,96;

2774


2775


2776
0,1201,713,87,97;

2777


2778


2779
0,1201,713,87,98;

2780


2781


2782
0,1200,712,87,99;

2783


2784


2785
0,1201,713,86,98;

2786


2787


2788
0,1200,713,86,98;

2789


2790


2791
0,1201,714,84,96;

2792
0,1201,713,86,96;

2793


2794
0,1202,712,84,99;

2795
0,1201,714,86,96;

2796


2797


2798
0,1201,713,86,97;

2799


2800


2801
0,1201,713,86,98;

2802


2803


2804
0,1201,713,85,97;

2805


2806


2807
0,1201,714,85,97;

2808


2809


2810


2811
0,1201,713,86,97;

2812


2813
0,1200,713,87,97;

2814
0,1200,713,87,95;

2815


2816
0,1202,713,86,96;

2817
0,1202,714,85,94;

2818
0,1203,713,85,96;

2819


2820
0,1201,714,82,98;

2821
0,1201,714,84,97;

2822


2823


2824


2825


2826
0,1205,719,77,85;

2827


2828


2829


2830


2831


2832


2833


2834
0,1628,391,34,48;

2835


2836


2837


2838


2839


2840


2841


2842


2843


2844


2845
0,1205,683,87,74;

2846
0,1206,685,87,72;

2847
0,1208,683,87,73;

2848
0,1211,680,85,74;

2849
0,1214,681,80,72;

2850
0,1211,679,81,74;

2851
0,1209,679,82,74;

2852
0,1206,680,81,70;

2853
0,1646,357,42,48;0,1202,677,86,71;

2854
0,1639,356,42,46;

2855
0,1645,352,44,51;

2856
0,1639,350,45,48;

2857
0,1640,351,42,47;

2858
0,1645,355,41,52;

2859
0,1655,352,39,46;

2860
0,1661,351,43,48;0,1715,353,42,45;

2861
0,1662,353,43,43;

2862
0,1665,351,43,42;0,1721,354,41,42;

2863
0,1674,353,38,40;

2864
0,1677,353,40,40;

2865
0,1678,350,43,41;0,1722,345,43,46;

2866
0,1679,344,42,44;0,1719,344,44,45;

2867
0,1677,340,44,44;0,1731,339,44,46;

2868
0,1676,336,43,46;0,1736,332,45,53;

2869


2870


2871
0,1739,325,49,54;

2872


2873
0,1739,324,53,51;

2874
0,1743,321,53,54;

2875
0,1739,321,53,52;

2876
0,1747,307,53,55;

2877
0,1748,306,52,56;

2878
0,1745,321,47,51;

2879
0,1759,308,49,49;0,1831,301,42,60;

2880
0,1766,308,53,46;

2881
0,1764,305,53,46;

2882
0,1768,301,50,44;0,1847,298,44,58;

2883
0,1770,295,53,42;0,1853,293,47,53;

2884
0,1773,296,51,43;0,1851,292,46,54;

2885
0,1850,281,43,57;

2886
0,1841,281,48,53;

2887
0,1838,270,47,55;

2888
0,1863,268,39,52;

2889
0,1877,250,39,49;

2890


2891


2892


2893


2894


2895


2896


2897


2898


2899


2900


2901


2902


2903


2904


2905


2906


2907


2908


2909


2910


2911


2912


2913


2914


2915


2916


2917


2918


2919


2920


2921


2922


2923


2924


2925


2926


2927


2928


2929


2930


2931


2932


2933


2934


2935


2936


2937


2938


2939


2940


2941


2942


2943


2944


2945


2946


2947


2948


2949


2950


2951


2952


2953


2954


2955


2956


2957


2958


2959


2960


2961


2962


2963


2964


2965


2966


2967


2968


2969


2970


2971


2972


2973


2974


2975


2976


2977


2978


2979


2980


2981


2982


2983


2984


2985


2986


2987


2988


2989


2990


2991


2992


2993


2994


2995


2996


2997


2998


2999


3000


3001


3002


3003


3004


3005


3006


3007


3008


3009


3010


3011


3012


3013


3014


3015


3016


3017


3018


3019


3020


3021


3022


3023


3024


3025


3026


3027


3028


3029


3030


3031


3032


3033


3034


3035


3036


3037


3038


3039


3040


3041


3042


3043


3044


3045


3046


3047


3048


3049


3050


3051


3052


3053


3054


3055


3056


3057


3058


3059


3060


3061


3062


3063
0,992,493,101,69;

3064
0,992,493,106,71;

3065


3066


3067


3068


3069


3070


3071


3072


3073


3074


3075


3076


3077


3078


3079


3080


3081


3082


3083


3084


3085


3086


3087


3088


3089
0,941,515,76,58;

3090


3091


3092


3093
0,943,516,80,55;

3094


3095


3096


3097


3098


3099


3100


3101


3102


3103


3104


3105


3106


3107


3108


3109


3110


3111


3112


3113
0,943,517,81,55;

3114


3115


3116
0,944,512,83,56;

3117


3118


3119


3120


3121
0,940,517,79,55;

3122


3123


3124


3125
0,944,507,76,52;

3126
0,944,507,72,53;

3127


3128


3129
0,938,516,77,54;

3130
0,941,519,62,47;

3131


3132


3133


3134


3135


3136
0,941,519,67,46;

3137


3138


3139


3140
0,945,516,61,43;

3141
0,945,514,63,42;

3142


3143


3144


3145


3146


3147
0,950,518,58,39;

3148


3149


3150


3151
0,945,524,56,38;

3152
0,945,520,59,41;

3153
0,945,522,60,40;

3154


3155


3156


3157


3158


3159


3160


3161


3162


3163


3164


3165


3166


3167


3168


3169


3170


3171


3172


3173


3174


3175


3176


3177


3178


3179


3180


3181


3182


3183


3184


3185


3186


3187


3188


3189


3190


3191


3192


3193


3194


3195


3196


3197


3198


3199


3200


3201


3202


3203


3204


3205


3206


3207


3208


3209


3210


3211


3212


3213


3214


3215


3216


3217


3218


3219


3220


3221


3222


3223


3224


3225


3226


3227


3228


3229


3230


3231


3232


3233


3234


3235


3236


3237


3238


3239


3240


3241


3242


3243


3244


3245


3246


3247


3248


3249


3250


3251


3252


3253


3254


3255


3256


3257


3258


3259


3260


3261


3262


3263


3264


3265


3266


3267


3268


3269


3270


3271


3272


3273


3274


3275


3276


3277


3278


3279


3280


3281


3282


3283


3284


3285


3286


3287


3288


3289


3290


3291


3292


3293


3294


3295


3296


3297


3298


3299


3300


3301


3302


3303


3304


3305


3306


3307


3308


3309


3310


3311


3312


3313


3314


3315


3316


3317


3318


3319


3320


3321


3322


3323


3324


3325


3326


3327


3328


3329


3330


3331


3332


3333


3334


3335


3336


3337


3338


3339


3340


3341


3342


3343


3344


3345


3346


3347


3348


3349


3350


3351


3352


3353


3354


3355


3356


3357


3358


3359


3360


3361


3362


3363


3364


3365


3366


3367


3368


3369


3370


3371


3372


3373


3374


3375


3376


3377


3378


3379


3380


3381


3382


3383


3384


3385


3386


3387


3388


3389


3390


3391


3392


3393


3394


3395


3396


3397


3398


3399


3400


3401


3402


3403


3404


3405


3406


3407


3408


3409


3410


3411


3412


3413


3414


3415


3416


3417


3418


3419


3420


3421


3422


3423


3424


3425


3426


3427


3428


3429


3430


3431


3432


3433


3434


3435


3436


3437


3438


3439


3440


3441


3442


3443


3444


3445
0,27,780,82,83;

3446


3447


3448


3449


3450


3451


3452


3453


3454


3455


3456


3457


3458


3459


3460


3461


3462


3463


3464


3465


3466


3467


3468


3469


3470


3471


3472


3473


3474


3475


3476


3477


3478


3479


3480


3481


3482


3483


3484


3485


3486


3487


3488


3489


3490


3491


3492


3493


3494


3495


3496


3497


3498


3499


3500


3501


3502


3503


3504


3505


3506


3507


3508


3509


3510


3511


3512


3513


3514


3515


3516


3517


3518


3519


3520


3521


3522


3523


3524


3525


3526


3527


3528


3529


3530


3531


3532


3533


3534


3535


3536


3537


3538


3539


3540


3541


3542


3543


3544


3545


3546


3547


3548


3549


3550


3551


3552


3553


3554


3555


3556


3557


3558


3559


3560


3561


3562


3563


3564


3565


3566


3567


3568


3569


3570


3571


3572


3573


3574


3575


3576


3577


3578


3579


3580


3581


3582


3583


3584


3585


3586


3587


3588


3589


3590


3591


3592


3593


3594


3595


3596


3597


3598


3599


3600


3601


3602


3603


3604


3605


3606


3607


3608


3609


3610


3611


3612


3613


3614


3615


3616


3617


3618


3619


3620


3621


3622


3623


3624


3625


3626


3627


3628


3629


3630


3631


3632


3633


3634


3635


3636


3637


3638


3639


3640


3641


3642


3643


3644


3645


3646


3647


3648


3649


3650


3651


3652


3653


3654


3655


3656


3657


3658


3659


3660


3661


3662


3663


3664


3665


3666


3667


3668


3669


3670


3671


3672


3673


3674


3675


3676


3677


3678


3679


3680


3681


3682


3683


3684


3685


3686


3687


3688


3689


3690


3691


3692


3693


3694


3695


3696


3697


3698


3699


3700


3701


3702


3703


3704


3705


3706


3707


3708


3709


3710


3711


3712


3713


3714


3715


3716


3717


3718


3719


3720


3721


3722


3723


3724


3725


3726


3727


3728


3729


3730


3731


3732


3733


3734


3735


3736


3737


3738


3739


3740


3741


3742


3743


3744


3745


3746


3747


3748


3749


3750


3751


3752


3753


3754


3755


3756


3757


3758


3759


3760


3761


3762


3763


3764


3765


3766


3767


3768


3769


3770


3771


3772


3773


3774


3775


3776


3777


3778


3779


3780


3781


3782


3783


3784


3785


3786


3787


3788


3789


3790


3791


3792


3793


3794


3795


3796


3797


3798


3799


3800


3801


3802


3803


3804


3805


3806


3807


3808


3809


3810


3811


3812


3813


3814


3815


3816


3817


3818


3819


3820


3821


3822


3823


3824


3825


3826


3827


3828


3829


3830


3831


3832


3833


3834


3835


3836


3837


3838


3839


3840


3841


3842


3843


3844


3845


3846


3847


3848


3849


3850


3851


3852


3853


3854


3855


3856


3857


3858


3859


3860


3861


3862


3863


3864


3865


3866


3867


3868


3869


3870


3871


3872


3873


3874


3875


3876


3877


3878


3879


3880


3881


3882


3883


3884


3885


3886


3887


3888


3889


3890


3891


3892


3893


3894


3895


3896


3897


3898


3899


3900


3901


3902


3903


3904


3905


3906


3907


3908


3909


3910


3911


3912


3913


3914


3915


3916


3917


3918


3919


3920


3921


3922


3923


3924


3925


3926


3927


3928


3929
0,4,671,56,51;

3930


3931


3932


3933


3934


3935


3936


3937


3938


3939


3940


3941


3942


3943


3944


3945


3946


3947


3948


3949


3950


3951


3952


3953


3954


3955


3956


3957


3958


3959


3960


3961


3962


3963


3964


3965


3966


3967


3968


3969


3970


3971


3972


3973


3974


3975


3976


3977


3978


3979


3980


3981


3982


3983


3984


3985


3986


3987


3988


3989


3990


3991


3992


3993


3994


3995


3996


3997


3998


3999


4000


4001


4002


4003


4004


4005


4006


4007


4008


4009


4010


4011


4012


4013


4014


4015


4016


4017


4018


4019


4020


4021


4022


4023


4024


4025


4026


4027


4028


4029


4030


4031


4032


4033


4034


4035


4036


4037


4038


4039


4040


4041


4042


4043


4044


4045


4046


4047


4048


4049


4050


4051


4052


4053


4054


4055


4056


4057


4058


4059


4060


4061


4062


4063


4064


4065


4066


4067


4068


4069


4070


4071


4072


4073


4074


4075


4076


4077


4078


4079


4080


4081


4082


4083


4084


4085


4086


4087


4088


4089


4090


4091


4092


4093


4094


4095


4096


4097


4098


4099


4100


4101


4102


4103


4104


4105


4106


4107


4108


4109


4110


4111


4112


4113


4114


4115


4116


4117


4118


4119


4120


4121


4122


4123


4124


4125


4126


4127


4128


4129


4130


4131


4132


4133


4134


4135


4136


4137


4138


4139


4140


4141


4142


4143


4144


4145


4146


4147


4148


4149


4150


4151


4152


4153


4154


4155


4156


4157


4158


4159


4160


4161


4162


4163


4164


4165


4166


4167


4168


4169


4170


4171


4172


4173


4174


4175


4176


4177


4178


4179


4180


4181


4182


4183


4184


4185


4186


4187


4188


4189


4190


4191


4192


4193


4194


4195


4196


4197


4198


4199


4200


4201


4202


4203


4204


4205


4206


4207


4208


4209


4210


4211


4212


4213


4214


4215


4216


4217


4218


4219


4220


4221


4222


4223


4224


4225


4226


4227


4228


4229


4230


4231


4232


4233


4234


4235


4236


4237


4238


4239


4240


4241


4242


4243


4244


4245


4246


4247


4248


4249


4250


4251


4252


4253


4254


4255


4256


4257


4258


4259


4260


4261


4262


4263


4264


4265


4266


4267


4268


4269


4270


4271


4272


4273


4274


4275


4276


4277


4278


4279


4280


4281


4282


4283


4284


4285


4286


4287


4288


4289


4290


4291


4292


4293


4294


4295


4296


4297


4298


4299


4300


4301


4302


4303


4304


4305


4306


4307


4308


4309


4310


4311


4312


4313


4314


4315


4316


4317


4318


4319


4320


4321


4322


4323


4324


4325


4326


4327


4328


4329


4330


4331


4332


4333


4334


4335


4336


4337


4338


4339


4340


4341


4342


4343


4344


4345


4346


4347


4348


4349


4350


4351


4352


4353
0,811,522,80,61;

4354


4355


4356


4357


4358


4359


4360


4361


4362


4363


4364


4365


4366


4367


4368


4369


4370


4371


4372


4373


4374


4375


4376


4377


4378


4379


4380


4381


4382


4383


4384


4385


4386


4387


4388


4389


4390


4391


4392


4393


4394


4395


4396


4397


4398


4399


4400


4401


4402


4403


4404
0,1424,360,45,41;

4405


4406
0,1433,356,45,33;

4407


4408


4409


4410


4411


4412


4413


4414


4415


4416


4417


4418
0,1681,428,34,31;

4419


4420
0,1689,423,31,35;

4421


4422


4423


4424


4425
0,1790,454,29,36;

4426


4427


4428
0,1881,372,35,33;

4429


4430


4431


4432


4433


4434


4435


4436


4437


4438


4439


4440


4441


4442


4443


4444


4445


4446


4447


4448


4449


4450


4451


4452


4453


4454


4455


4456


4457


4458


4459


4460


4461


4462


4463


4464


4465


4466


4467


4468


4469


4470


4471


4472


4473


4474


4475


4476


4477


4478


4479


4480


4481


4482


4483


4484


4485


4486


4487


4488


4489


4490


4491


4492


4493


4494


4495


4496


4497


4498


4499


4500


4501


4502


4503


4504


4505


4506


4507


4508


4509


4510


4511


4512


4513


4514


4515


4516


4517


4518


4519


4520


4521


4522


4523


4524


4525


4526


4527


4528


4529


4530


4531


4532


4533


4534


4535


4536


4537


4538


4539


4540


4541


4542


4543


4544


4545


4546


4547


4548


4549


4550


4551


4552


4553


4554


4555


4556


4557


4558


4559


4560


4561


4562


4563


4564


4565


4566


4567


4568


4569


4570


4571


4572


4573


4574


4575


4576


4577


4578


4579


4580


4581


4582


4583


4584


4585


4586


4587


4588


4589


4590


4591


4592


4593


4594


4595


4596


4597


4598


4599


4600


4601


4602


4603


4604


4605


4606


4607


4608


4609


4610


4611


4612


4613


4614


4615


4616


4617


4618


4619


4620


4621


4622


4623


4624


4625


4626


4627


4628


4629


4630


4631


4632


4633


4634


4635


4636


4637


4638


4639


4640


4641


4642


4643


4644


4645


4646


4647


4648


4649


4650


4651


4652


4653


4654


4655


4656


4657


4658


4659


4660


4661


4662


4663


4664


4665


4666


4667


4668


4669


4670


4671


4672


4673


4674


4675


4676


4677


4678


4679


4680


4681


4682


4683


4684


4685


4686


4687


4688


4689


4690


4691


4692


4693


4694


4695


4696


4697


4698


4699


4700


4701


4702


4703


4704


4705


4706


4707
0,1155,516,40,31;

4708
0,1158,516,38,30;

4709
0,1166,510,36,29;

4710


4711
0,1162,511,38,29;

4712
0,1160,512,39,29;

4713
0,1155,514,40,31;

4714
0,1162,513,36,30;

4715
0,1161,513,39,30;

4716


4717


4718


4719


4720


4721


4722


4723


4724


4725


4726


4727


4728
0,1163,514,39,28;

4729


4730
0,1158,516,39,30;

4731
0,1161,515,37,30;

4732
0,1158,516,38,30;

4733
0,1153,519,37,29;

4734


4735
0,1154,518,38,29;

4736
0,1155,516,38,30;

4737
0,1147,520,40,30;

4738
0,1143,523,40,30;

4739


4740


4741


4742


4743


4744


4745


4746


4747


4748


4749


4750


4751


4752


4753


4754


4755


4756


4757


4758


4759


4760


4761


4762


4763


4764


4765


4766


4767


4768


4769


4770


4771


4772


4773


4774


4775


4776


4777


4778


4779


4780


4781


4782


4783


4784


4785


4786


4787


4788


4789


4790


4791


4792


4793


4794


4795


4796


4797


4798


4799


4800


4801


4802


4803


4804


4805


4806


4807


4808


4809


4810


4811


4812


4813


4814


4815


4816


4817


4818


4819


4820


4821


4822


4823


4824


4825


4826


4827


4828


4829


4830


4831


4832


4833


4834


4835


4836


4837


4838


4839


4840


4841


4842


4843


4844


4845


4846


4847


4848


4849


4850


4851


4852


4853


4854


4855


4856


4857


4858


4859


4860


4861


4862


4863


4864


4865


4866


4867


4868


4869


4870


4871


4872


4873


4874


4875


4876


4877


4878


4879


4880


4881


4882


4883


4884


4885


4886


4887


4888


4889


4890


4891


4892


4893


4894


4895


4896


4897


4898


4899


4900


4901


4902


4903


4904


4905


4906


4907


4908


4909


4910


4911


4912


4913


4914


4915


4916


4917


4918


4919


4920


4921


4922


4923


4924


4925


4926


4927


4928


4929


4930


4931


4932


4933


4934


4935


4936


4937


4938


4939


4940


4941


4942


4943


4944


4945


4946


4947


4948


4949


4950


4951


4952


4953


4954


4955


4956


4957


4958


4959


4960


4961


4962


4963


4964


4965


4966


4967


4968


4969


4970


4971


4972


4973


4974


4975


4976


4977


4978


4979


4980


4981


4982


4983


4984


4985


4986


4987


4988


4989


4990


4991


4992


4993


4994


4995


4996


4997


4998


4999


5000


5001


5002


5003


5004


5005


5006


5007


5008


5009


5010


5011


5012


5013


5014


5015


5016


5017


5018


5019


5020


5021


5022


5023


5024


5025


5026


5027


5028


5029


5030


5031


5032


5033


5034


5035


5036


5037


5038


5039


5040


5041


5042


5043


5044


5045


5046


5047


5048


5049


5050


5051


5052


5053


5054


5055


5056


5057


5058


5059


5060


5061


5062


5063


5064


5065


5066


5067


5068


5069


5070


5071


5072


5073


5074


5075


5076


5077


5078


5079


5080


5081


5082


5083


5084


5085


5086


5087


5088


5089


5090


5091


5092


5093


5094


5095


5096


5097


5098


5099


5100


5101
0,1256,454,38,29;

5102
0,1259,453,40,31;

5103
0,1266,453,37,31;

5104


5105
0,1267,429,45,31;0,1435,421,44,35;

5106
0,1321,423,39,35;0,1450,418,44,35;

5107
0,1321,428,39,31;0,1460,421,45,34;

5108
0,1331,425,41,32;0,1463,417,44,35;

5109
0,1355,427,42,31;0,1533,415,42,38;

5110


5111
0,1418,410,42,38;0,1563,401,43,37;

5112
0,1428,398,45,38;

5113
0,1457,400,48,38;

5114


5115


5116


5117
0,1634,365,51,37;

5118


5119


5120


5121


5122


5123


5124


5125


5126


5127


5128


5129


5130


5131


5132


5133


5134


5135


5136


5137


5138


5139


5140


5141


5142


5143


5144


5145


5146


5147


5148


5149


5150


5151
0,939,418,30,35;

5152


5153


5154
0,1066,398,30,36;

5155
0,1079,406,28,40;0,1112,391,29,39;

5156
0,1156,374,34,36;

5157
0,1183,370,33,37;0,1211,373,33,34;

5158
0,1242,369,35,41;

5159
0,1278,366,36,38;

5160
0,1329,353,37,38;0,1267,404,29,38;0,1323,391,36,40;

5161
0,1366,346,38,44;0,1402,344,41,43;0,1353,396,36,41;

5162
0,1385,350,31,45;0,1420,334,43,42;0,1362,397,34,40;

5163
0,1438,392,39,43;0,1438,476,36,47;

5164
0,1483,346,38,48;0,1516,332,47,43;0,1465,392,41,45;0,1474,474,34,44;

5165
0,1552,311,44,44;0,1525,474,46,46;

5166
0,1578,298,43,49;0,1629,299,47,48;0,1575,349,45,48;0,1573,468,47,51;

5167
0,1663,288,41,52;0,1706,283,41,58;0,1644,343,47,45;0,1638,464,54,50;

5168
0,1682,277,45,61;0,1739,267,48,57;0,1671,334,57,54;0,1702,446,58,64;

5169
0,1752,250,64,50;0,1811,243,56,56;0,1738,325,61,51;0,1748,435,65,63;

5170
0,1834,219,55,58;0,1825,279,55,57;0,1808,425,67,70;

5171
0,1871,185,48,70;0,1867,272,52,67;

5172


5173


5174


5175


5176


5177


5178


5179


5180


5181


5182


5183


5184


5185


5186


5187


5188


5189


5190


5191


5192


5193


5194


5195


5196


5197


5198


5199


5200


5201


5202


5203


5204


5205


5206


5207


5208


5209


5210


5211


5212


5213


5214


5215


5216


5217


5218


5219


5220


5221


5222


5223


5224


5225


5226


5227


5228


5229


5230


5231


5232


5233


5234


5235


5236


5237


5238


5239


5240


5241
0,749,472,31,34;

5242
0,737,468,29,36;

5243
0,1167,406,35,30;0,727,468,29,37;

5244
0,1166,401,35,31;0,724,469,30,36;

5245
0,726,412,29,37;0,1067,399,33,33;0,720,464,32,40;

5246
0,818,399,39,31;0,939,394,38,33;0,1217,395,36,34;0,716,468,37,41;

5247
0,818,393,34,35;0,950,390,36,36;0,1073,385,31,39;0,714,461,36,42;

5248
0,1232,370,38,35;0,816,388,34,39;0,959,385,34,40;0,710,453,38,44;

5249
0,961,372,39,37;0,1112,365,35,35;0,1267,360,36,39;0,811,384,36,41;0,705,446,38,49;

5250
0,806,367,46,41;0,961,365,44,42;0,1113,358,40,44;0,1273,351,40,43;0,700,441,44,51;

5251
0,718,350,38,46;0,806,361,44,42;0,963,358,48,43;0,1118,348,45,46;0,673,435,44,55;

5252
0,722,344,37,51;0,806,354,45,45;0,968,349,49,43;0,1144,337,46,45;0,1314,335,48,44;0,667,413,44,53;

5253
0,710,331,45,53;0,804,337,49,51;0,964,334,51,49;0,1155,330,47,47;0,1325,327,49,45;0,654,411,51,55;

5254
0,1358,303,47,48;0,666,337,43,52;0,806,326,50,55;0,964,326,54,51;0,1165,322,51,52;0,638,400,49,64;

5255
0,665,300,41,52;0,964,307,53,53;0,1168,298,52,58;0,1371,292,52,53;0,643,344,50,56;0,803,319,54,57;0,610,385,51,61;

5256
0,659,285,44,57;0,796,292,53,57;0,967,289,58,60;0,1178,279,49,58;0,1406,272,60,51;0,602,350,57,69;

5257
0,1416,246,64,59;0,627,267,57,66;0,762,272,59,60;0,963,274,63,57;0,1201,267,62,58;0,546,348,64,69;

5258
0,1208,243,58,64;0,1458,233,60,63;0,597,265,58,62;0,751,260,76,66;0,964,265,64,58;0,497,321,75,77;

5259
0,591,237,64,59;0,743,244,70,64;0,963,239,68,68;0,1215,227,68,66;0,1491,216,69,55;0,448,297,79,71;

5260
0,1507,176,81,73;0,552,218,67,61;0,713,208,81,74;0,956,207,82,71;0,1233,203,76,66;0,388,254,87,100;

5261
0,522,177,64,74;0,698,176,71,83;0,958,175,78,70;0,1249,146,80,82;0,1551,137,82,84;0,299,207,100,99;

5262
0,1263,116,81,87;0,1589,87,96,101;0,204,140,111,127;0,479,146,75,73;0,680,145,77,76;0,945,134,96,89;

5263
0,1282,54,120,106;0,1652,31,103,125;0,57,60,123,142;0,428,87,71,89;0,639,89,94,106;0,950,76,89,98;

5264
0,1715,0,99,106;0,372,52,92,85;0,585,39,121,116;0,949,18,95,131;0,1327,3,108,120;

5265
0,297,7,90,86;0,534,0,114,96;0,933,0,100,93;

5266


5267


5268


5269


5270


5271


5272


5273


5274


5275


5276


5277


5278


5279


5280


5281


5282


5283


5284


5285


5286


5287


5288


5289


5290


5291


5292


5293


5294


5295


5296
0,910,397,35,31;

5297


5298


5299


5300


5301


5302


5303
0,874,351,39,38;

5304
0,872,339,36,36;

5305
0,865,333,42,39;

5306
0,860,327,42,42;

5307
0,867,314,35,37;

5308
0,856,307,44,42;

5309
0,844,294,50,45;

5310
0,833,279,51,45;

5311
0,825,268,51,51;

5312
0,817,263,53,52;

5313
0,807,235,57,56;

5314
0,802,209,62,55;

5315
0,798,192,63,51;

5316
0,794,171,59,53;

5317
0,792,147,62,60;

5318
0,789,124,63,58;

5319
0,766,103,67,57;

5320
0,756,85,75,71;

5321
0,755,67,78,63;

5322
0,739,35,89,66;

5323
0,728,8,86,83;

5324


5325


5326


5327


5328


5329


5330


5331


5332


5333


5334


5335


5336


5337


5338


5339


5340


5341


5342


5343


5344


5345


5346


5347


5348


5349


5350


5351


5352


5353


5354


5355


5356


5357


5358


5359


5360


5361


5362


5363
0,1173,400,32,37;

5364


5365
0,1179,394,31,38;

5366


5367


5368


5369


5370


5371


5372


5373
0,1214,369,37,31;

5374
0,1212,366,38,35;

5375
0,1213,364,39,36;

5376
0,1214,364,38,35;

5377
0,1216,361,39,36;

5378
0,1217,358,37,36;

5379
0,1219,358,41,36;

5380
0,1221,359,41,37;

5381
0,1223,348,37,41;

5382
0,1227,345,36,40;

5383
0,1229,339,37,43;

5384
0,1236,336,38,43;

5385
0,1237,333,39,45;

5386
0,1251,329,43,47;

5387
0,1256,328,45,47;

5388
0,1256,326,44,47;

5389
0,1264,310,46,43;

5390
0,1269,306,40,46;

5391
0,1270,307,43,42;

5392
0,1274,306,45,44;

5393
0,1276,299,44,48;

5394
0,1277,296,45,46;

5395
0,1281,288,44,49;

5396
0,1280,284,47,51;

5397
0,1300,276,50,50;

5398
0,1303,273,53,48;

5399
0,1304,272,54,46;

5400
0,1309,251,55,48;

5401
0,1310,250,54,47;

5402
0,1316,245,53,52;

5403
0,1317,242,55,53;

5404
0,1329,235,50,53;

5405
0,1333,219,59,59;

5406
0,1347,212,57,62;

5407
0,1354,210,60,63;

5408
0,1360,203,60,70;

5409
0,1364,187,58,64;

5410
0,1365,184,62,64;

5411
0,1370,182,56,64;

5412
0,1395,174,59,66;

5413
0,1396,164,65,60;

5414
0,1398,161,66,57;

5415
0,1401,155,67,65;

5416
0,1404,147,72,70;

5417
0,1410,129,78,67;

5418
0,1431,121,74,73;

5419
0,1451,109,76,75;

5420
0,1456,98,74,70;

5421
0,1461,89,75,78;

5422
0,1465,81,75,90;

5423
0,1493,59,71,75;

5424
0,1490,51,84,76;

5425
0,1493,42,94,76;

5426
0,1526,29,97,76;

5427
0,1538,10,90,75;

5428
0,1551,9,89,71;

5429


5430


5431


5432


5433


5434


5435


5436


5437


5438


5439


5440


5441


5442


5443


5444


5445


5446


5447


5448


5449


5450


5451


5452


5453


5454


5455


5456


5457


5458


5459


5460


5461


5462


5463


5464


5465


5466


5467


5468


5469


5470


5471


5472


5473


5474


5475


5476


5477


5478


5479


5480


5481


5482


5483


5484


5485


5486


5487


5488


5489


5490


5491


5492


5493


5494


5495


5496


5497


5498


5499


5500


5501


5502


5503


5504


5505


5506


5507


5508


5509


5510


5511


5512


5513


5514


5515


5516


5517


5518


5519


5520


5521


5522


5523


5524


5525


5526


5527


5528


5529


5530


5531


5532


5533


5534


5535


5536


5537


5538


5539


5540


5541


5542


5543


5544


5545


5546


5547


5548


5549


5550


5551


5552


5553


5554


5555


5556


5557


5558


5559


5560


5561


5562


5563


5564


5565


5566


5567
0,1539,408,57,49;

5568
0,1558,403,53,47;

5569


5570
0,1621,387,54,56;

5571


5572


5573


5574


5575


5576


5577


5578


5579


5580


5581


5582


5583


5584


5585


5586


5587


5588


5589


5590


5591


5592


5593


5594


5595


5596


5597


5598


5599


5600


5601


5602


5603


5604


5605


5606


5607


5608


5609


5610


5611


5612


5613


5614


5615


5616


5617


5618


5619


5620


5621


5622


5623


5624


5625


5626


5627


5628


5629


5630


5631


5632


5633


5634


5635


5636


5637


5638


5639


5640


5641


5642


5643


5644


5645


5646


5647


5648


5649


5650


5651


5652


5653


5654


5655


5656


5657


5658


5659


5660


5661


5662


5663


5664


5665


5666


5667


5668


5669


5670


5671


5672


5673


5674


5675


5676


5677


5678


5679


5680


5681


5682


5683


5684


5685


5686


5687


5688


5689


5690


5691


5692


5693


5694


5695


5696


5697


5698


5699


5700


5701


5702


5703


5704


5705


5706


5707


5708


5709


5710


5711


5712


5713


5714


5715


5716


5717


5718


5719


5720


5721


5722


5723


5724


5725


5726


5727


5728


5729


5730


5731


5732


5733


5734


5735


5736


5737


5738


5739


5740


5741


5742


5743


5744


5745


5746


5747


5748


5749


5750


5751


5752


5753


5754


5755


5756


5757


5758


5759


5760


5761


5762


5763


5764


5765


5766


5767


5768


5769


5770


5771


5772


5773


5774


5775


5776


5777


5778


5779


5780


5781


5782


5783


5784


5785


5786


5787


5788


5789


5790


5791


5792


5793


5794


5795


5796


5797


5798


5799


5800


5801


5802


5803


5804


5805


5806


5807


5808


5809


5810


5811


5812


5813


5814


5815


5816


5817


5818


5819


5820


5821


5822


5823


5824


5825


5826


5827


5828


5829


5830


5831


5832


5833


5834


5835


5836


5837


5838


5839


5840


5841


5842


5843


5844


5845


5846


5847


5848


5849


5850


5851


5852


5853


5854


5855


5856


5857


5858


5859


5860


5861


5862


5863


5864


5865


5866


5867


5868


5869


5870


5871


5872


5873


5874


5875


5876


5877


5878


5879


5880


5881


5882


5883


5884


5885


5886


5887


5888


5889


5890


5891


5892


5893


5894


5895


5896


5897


5898


5899


5900


5901


5902


5903


5904


5905


5906


5907


5908


5909


5910


5911


5912


5913


5914


5915


5916


5917


5918


5919


5920


5921


5922


5923


5924


5925


5926


5927


5928


5929


5930


5931


5932


5933


5934


5935


5936


5937


5938


5939


5940


5941


5942


5943


5944


5945


5946


5947


5948


5949


5950


5951


5952


5953


5954


5955


5956


5957


5958


5959


5960


5961


5962


5963


5964


5965


5966


5967


5968


5969


5970


5971


5972


5973


5974


5975


5976


5977


5978


5979


5980


5981


5982


5983


5984


5985


5986


5987


5988


5989
0,1176,458,31,45;

5990


5991


5992


5993
0,1140,454,29,40;

5994


5995


5996


5997


5998


5999


6000


6001


6002


6003


6004
0,945,441,32,45;

6005


6006


6007
0,859,446,34,47;

6008
0,811,441,38,53;

6009


6010


6011
0,715,416,34,50;

6012


6013


6014


6015
0,552,415,36,49;

6016


6017


6018


6019


6020


6021


6022


6023


6024


6025


6026


6027


6028


6029


6030


6031


6032


6033


6034


6035


6036


6037


6038


6039


6040


6041


6042


6043


6044


6045


6046


6047


6048


6049


6050


6051


6052


6053


6054


6055


6056


6057


6058


6059


6060


6061


6062


6063


6064


6065


6066


6067


6068


6069


6070


6071


6072


6073


6074


6075


6076


6077


6078


6079


6080


6081


6082


6083


6084


6085


6086


6087


6088


6089


6090


6091


6092


6093


6094


6095


6096


6097


6098


6099


6100


6101


6102


6103


6104


6105


6106


6107


6108


6109


6110


6111


6112


6113


6114


6115


6116


6117


6118


6119


6120


6121


6122


6123


6124


6125


6126


6127


6128


6129


6130


6131


6132


6133


6134


6135


6136


6137


6138


6139


6140


6141


6142


6143


6144


6145


6146


6147


6148


6149


6150


6151


6152


6153


6154


6155


6156


6157


6158


6159


6160


6161


6162


6163


6164


6165


6166


6167


6168


6169


6170


6171


6172


6173


6174


6175


6176


6177


6178


6179


6180
0,776,506,35,33;

6181
0,771,504,37,37;

6182
0,760,501,40,39;

6183
0,742,486,40,41;

6184
0,715,479,41,42;

6185
0,704,477,42,46;

6186
0,696,472,45,53;

6187
0,671,467,50,51;

6188
0,661,450,53,55;

6189
0,634,434,59,57;

6190
0,606,432,65,64;

6191
0,582,415,70,63;

6192
0,540,390,75,71;

6193
0,481,369,86,80;

6194
0,431,349,102,81;

6195
0,367,309,94,93;

6196
0,253,254,119,110;

6197
0,129,191,128,142;

6198


6199


6200


6201


6202


6203


6204


6205


6206


6207


6208


6209


6210


6211


6212


6213


6214


6215


6216


6217


6218


6219


6220


6221


6222


6223


6224


6225


6226


6227


6228


6229


6230


6231


6232


6233


6234


6235


6236


6237


6238


6239


6240


6241


6242


6243


6244


6245


6246


6247


6248


6249


6250


6251


6252


6253


6254


6255


6256


6257


6258


6259


6260


6261


6262


6263


6264


6265


6266


6267


6268


6269


6270


6271


6272


6273


6274


6275


6276


6277


6278


6279


6280


6281


6282


6283


6284


6285


6286


6287


6288


6289


6290


6291


6292


6293


6294


6295


6296


6297


6298


6299


6300


6301


6302


6303


6304


6305


6306


6307


6308


6309


6310


6311


6312


6313


6314


6315


6316


6317


6318


6319


6320


6321


6322


6323


6324


6325


6326


6327


6328


6329


6330


6331


6332


6333


6334


6335


6336


6337


6338


6339


6340


6341


6342


6343


6344


6345


6346


6347


6348


6349
0,959,454,36,29;

6350


6351


6352
0,968,454,37,31;

6353
0,957,421,36,33;

6354
0,954,417,39,33;

6355
0,952,414,39,37;

6356
0,949,413,40,39;

6357
0,931,403,43,42;

6358
0,921,384,48,43;

6359
0,918,384,48,42;

6360
0,917,383,49,46;

6361
0,913,383,51,47;

6362
0,911,365,52,51;

6363
0,909,355,57,50;

6364
0,907,329,61,58;

6365
0,902,315,66,64;

6366
0,910,289,55,72;

6367
0,904,269,62,73;

6368
0,898,247,75,85;

6369
0,890,214,83,82;

6370
0,888,178,80,83;

6371
0,880,132,92,96;

6372
0,873,79,103,99;

6373
0,855,10,135,123;

6374


6375


6376


6377


6378


6379


6380


6381


6382


6383


6384


6385


6386


6387


6388


6389


6390


6391


6392


6393


6394


6395


6396


6397


6398


6399


6400


6401


6402


6403


6404


6405


6406


6407


6408


6409


6410


6411


6412


6413


6414


6415


6416


6417


6418


6419


6420


6421


6422


6423


6424


6425


6426


6427


6428


6429


6430


6431


6432


6433


6434


6435


6436


6437


6438


6439


6440


6441


6442


6443


6444


6445


6446


6447


6448
0,1686,503,32,33;

6449


6450


6451


6452


6453
0,1883,459,31,34;

6454


6455


6456


6457


6458


6459


6460


6461


6462


6463


6464


6465


6466


6467
0,1274,482,31,34;

6468
0,1276,478,33,38;0,1286,517,33,35;

6469
0,1307,504,36,45;

6470
0,1312,508,40,40;

6471
0,1323,505,43,45;

6472
0,1365,496,39,55;

6473
0,1371,494,48,55;

6474
0,1401,496,51,59;

6475
0,1418,497,53,57;

6476
0,1455,491,57,67;

6477
0,1463,413,68,57;0,1467,483,61,69;

6478
0,1511,402,71,65;0,1515,454,72,72;

6479
0,1557,398,80,66;

6480
0,1606,378,88,70;0,1615,458,86,80;

6481
0,1684,437,101,92;

6482
0,1755,424,103,90;

6483


6484


6485


6486


6487


6488


6489


6490


6491


6492


6493


6494


6495


6496


6497


6498


6499


6500


6501


6502


6503


6504


6505


6506


6507


6508


6509


6510


6511


6512


6513


6514


6515


6516


6517


6518


6519


6520


6521


6522


6523


6524


6525


6526


6527


6528


6529


6530


6531


6532


6533


6534


6535


6536


6537


6538


6539


6540


6541


6542
0,1553,531,41,32;

6543
0,1575,514,42,36;

6544
0,1579,502,45,44;

6545
0,1613,506,40,41;

6546
0,1672,505,42,51;

6547
0,1705,473,47,56;

6548
0,1727,457,50,54;

6549
0,1774,420,50,49;

6550
0,1526,451,36,37;0,1816,453,51,59;

6551
0,1864,438,51,71;

6552


6553
0,1618,444,44,43;

6554
0,1635,418,49,43;

6555
0,1671,389,57,50;

6556
0,1719,382,48,49;

6557
0,1772,386,56,49;

6558
0,1838,364,57,54;

6559
0,1885,337,34,51;

6560


6561


6562


6563


6564


6565


6566


6567


6568


6569


6570


6571


6572


6573


6574


6575


6576


6577


6578


6579


6580


6581


6582


6583


6584


6585


6586


6587


6588


6589


6590


6591


6592


6593


6594


6595


6596


6597


6598


6599


6600


6601


6602


6603


6604


6605


6606


6607


6608


6609


6610


6611


6612


6613


6614


6615


6616


6617


6618


6619


6620


6621


6622


6623


6624


6625


6626


6627


6628


6629


6630


6631


6632


6633


6634


6635
0,213,330,55,61;

6636
0,135,299,63,57;

6637
0,29,265,78,67;

6638


6639


6640


6641


6642


6643


6644


6645


6646


6647


6648


6649


6650


6651


6652


6653


6654


6655


6656


6657


6658


6659


6660


6661


6662


6663


6664


6665


6666


6667


6668


6669


6670


6671


6672


6673


6674


6675


6676


6677


6678


6679


6680


6681


6682


6683


6684


6685


6686


6687


6688


6689
0,1216,485,33,34;

6690
0,1219,486,37,35;

6691
0,1225,487,37,35;

6692
0,1233,482,45,41;

6693
0,1252,472,47,44;

6694
0,1268,465,44,45;

6695
0,1274,472,44,45;

6696
0,1282,472,40,42;

6697
0,1282,461,44,45;

6698
0,1302,450,44,52;

6699
0,1308,440,42,53;

6700
0,1323,443,47,50;

6701
0,1339,423,53,55;

6702
0,1371,440,53,54;

6703
0,1377,433,53,61;

6704
0,1405,422,59,49;

6705
0,1419,413,56,59;0,1834,451,29,37;

6706
0,1459,402,61,64;

6707
0,1472,378,71,69;

6708
0,1507,375,68,68;

6709
0,1563,352,78,70;

6710
0,1592,339,81,80;

6711
0,1653,313,85,84;

6712
0,1700,279,98,101;

6713
0,1788,238,100,110;

6714


6715


6716


6717


6718


6719


6720


6721


6722


6723


6724


6725


6726


6727


6728


6729


6730


6731


6732


6733


6734


6735


6736


6737


6738


6739


6740


6741


6742


6743


6744


6745


6746


6747


6748
0,1715,564,34,31;

6749
0,1714,538,34,32;

6750
0,1723,545,35,32;

6751
0,1728,534,36,32;

6752
0,1744,540,41,37;

6753
0,1765,531,43,43;

6754
0,1780,531,42,42;

6755
0,1808,520,44,45;

6756
0,1823,524,47,47;

6757
0,1861,505,44,53;

6758


6759


6760


6761


6762


6763


6764


6765


6766


6767


6768


6769


6770


6771


6772


6773


6774


6775


6776


6777


6778


6779


6780


6781


6782


6783


6784


6785


6786


6787


6788


6789


6790


6791


6792


6793


6794


6795


6796


6797


6798


6799


6800


6801


6802


6803


6804


6805


6806


6807


6808


6809


6810


6811


6812


6813


6814


6815


6816


6817


6818


6819


6820


6821


6822


